[[
[-0.000626872671593,-0.000835394016212,0.00218015603983,0.00459028031482,-0.00556512102471,-0.0151333098664,0.00331009014734,0.0215646988926,0.00331009014734,-0.0151333098664,-0.00556512102471,0.00459028031482,0.00218015603983,-0.000835394016212,-0.000626872671593],
[-0.00140957839072,-0.00198534679433,0.00634117941795,0.0129960060922,-0.0150450523808,-0.0414647017693,0.00946114950283,0.0598657109884,0.00946114950283,-0.0414647017693,-0.0150450523808,0.0129960060922,0.00634117941795,-0.00198534679433,-0.00140957839072],
[-0.00308062790117,-0.00444045601352,0.0152248197301,0.0309419385189,-0.0352843763882,-0.0976813084377,0.0225934474708,0.141637040811,0.0225934474708,-0.0976813084377,-0.0352843763882,0.0309419385189,0.0152248197301,-0.00444045601352,-0.00308062790117],
[-0.00603708299556,-0.00878408563844,0.0309419385189,0.062692250532,-0.0710922038608,-0.197140882875,0.0458273785935,0.286308555998,0.0458273785935,-0.197140882875,-0.0710922038608,0.062692250532,0.0309419385189,-0.00878408563844,-0.00603708299556],
[-0.0102985575272,-0.0150450523808,0.053596807032,0.108457581543,-0.12270609277,-0.340503264463,0.0793170825081,0.494840043111,0.0793170825081,-0.340503264463,-0.12270609277,0.108457581543,0.053596807032,-0.0150450523808,-0.0102985575272],
[-0.0151333098664,-0.0221482800029,0.0792993373947,0.160379525349,-0.181263375769,-0.50315156955,0.117312011996,0.731424372699,0.117312011996,-0.50315156955,-0.181263375769,0.160379525349,0.0792993373947,-0.0221482800029,-0.0151333098664],
[-0.0190822767879,-0.0279501099514,0.10029285166,0.202788737695,-0.229092252483,-0.636000727391,0.148345808394,0.924663576313,0.148345808394,-0.636000727391,-0.229092252483,0.202788737695,0.10029285166,-0.0279501099514,-0.0190822767879],
[-0.0206180962712,-0.0302065389494,0.108457581543,0.219282391829,-0.24769370501,-0.687667993541,0.160415372434,0.999817544363,0.160415372434,-0.687667993541,-0.24769370501,0.219282391829,0.108457581543,-0.0302065389494,-0.0206180962712],
[-0.0190822767879,-0.0279501099514,0.10029285166,0.202788737695,-0.229092252483,-0.636000727391,0.148345808394,0.924663576313,0.148345808394,-0.636000727391,-0.229092252483,0.202788737695,0.10029285166,-0.0279501099514,-0.0190822767879],
[-0.0151333098664,-0.0221482800029,0.0792993373947,0.160379525349,-0.181263375769,-0.50315156955,0.117312011996,0.731424372699,0.117312011996,-0.50315156955,-0.181263375769,0.160379525349,0.0792993373947,-0.0221482800029,-0.0151333098664],
[-0.0102985575272,-0.0150450523808,0.053596807032,0.108457581543,-0.12270609277,-0.340503264463,0.0793170825081,0.494840043111,0.0793170825081,-0.340503264463,-0.12270609277,0.108457581543,0.053596807032,-0.0150450523808,-0.0102985575272],
[-0.00603708299556,-0.00878408563844,0.0309419385189,0.062692250532,-0.0710922038608,-0.197140882875,0.0458273785935,0.286308555998,0.0458273785935,-0.197140882875,-0.0710922038608,0.062692250532,0.0309419385189,-0.00878408563844,-0.00603708299556],
[-0.00308062790117,-0.00444045601352,0.0152248197301,0.0309419385189,-0.0352843763882,-0.0976813084377,0.0225934474708,0.141637040811,0.0225934474708,-0.0976813084377,-0.0352843763882,0.0309419385189,0.0152248197301,-0.00444045601352,-0.00308062790117],
[-0.00140957839072,-0.00198534679433,0.00634117941795,0.0129960060922,-0.0150450523808,-0.0414647017693,0.00946114950283,0.0598657109884,0.00946114950283,-0.0414647017693,-0.0150450523808,0.0129960060922,0.00634117941795,-0.00198534679433,-0.00140957839072],
[-0.000626872671593,-0.000835394016212,0.00218015603983,0.00459028031482,-0.00556512102471,-0.0151333098664,0.00331009014734,0.0215646988926,0.00331009014734,-0.0151333098664,-0.00556512102471,0.00459028031482,0.00218015603983,-0.000835394016212,-0.000626872671593]
],

[
[-0.000213610039907,0.000898970619516,0.00196130051277,-0.00119981624133,-0.0100616527583,-0.0140146075674,-0.00125433249586,0.0172382503723,0.0184680661667,0.00317640957401,-0.00780115894328,-0.00649014490474,-0.00157194380071,0.000359385159002,0.000112865428055],
[0.000898970619516,0.00235390396859,-0.00150787961926,-0.0158634328647,-0.0258707154756,-0.00231337369836,0.0445804422623,0.0558527347834,0.0119840587386,-0.0307259921375,-0.0296067683061,-0.00711979143295,0.004331723803,0.00324570901298,0.000359385159002],
[0.00196130051277,-0.00150787961926,-0.0184854459598,-0.0352294063721,-0.00348149476897,0.083601883172,0.12242368008,0.0311629097029,-0.0910197781907,-0.102445981119,-0.027945436784,0.022024585124,0.0197526962707,0.004331723803,-0.00157194380071],
[-0.00119981624133,-0.0158634328647,-0.0352294063721,-0.00400940666629,0.114403694916,0.195851346263,0.05853402913,-0.198385029284,-0.26105497891,-0.0827182237689,0.0777738210157,0.0817170264453,0.022024585124,-0.00711979143295,-0.00649014490474],
[-0.0100616527583,-0.0258707154756,-0.00348149476897,0.114403694916,0.229035696367,0.0801395887446,-0.316808761766,-0.487413994308,-0.180252222091,0.19916901587,0.244687200964,0.0777738210157,-0.027945436784,-0.0296067683061,-0.00780115894328],
[-0.0140146075674,-0.00231337369836,0.083601883172,0.195851346263,0.0801395887446,-0.370328297434,-0.666091860024,-0.287832095537,0.372418309188,0.534888477966,0.19916901587,-0.0827182237689,-0.102445981119,-0.0307259921375,0.00317640957401],
[-0.00125433249586,0.0445804422623,0.12242368008,0.05853402913,-0.316808761766,-0.666091860024,-0.336450938681,0.509173692721,0.854980109512,0.372418309188,-0.180252222091,-0.26105497891,-0.0910197781907,0.0119840587386,0.0184680661667],
[0.0172382503723,0.0558527347834,0.0311629097029,-0.198385029284,-0.487413994308,-0.287832095537,0.509173692721,0.999639926698,0.509173692721,-0.287832095537,-0.487413994308,-0.198385029284,0.0311629097029,0.0558527347834,0.0172382503723],
[0.0184680661667,0.0119840587386,-0.0910197781907,-0.26105497891,-0.180252222091,0.372418309188,0.854980109512,0.509173692721,-0.336450938681,-0.666091860024,-0.316808761766,0.05853402913,0.12242368008,0.0445804422623,-0.00125433249586],
[0.00317640957401,-0.0307259921375,-0.102445981119,-0.0827182237689,0.19916901587,0.534888477966,0.372418309188,-0.287832095537,-0.666091860024,-0.370328297434,0.0801395887446,0.195851346263,0.083601883172,-0.00231337369836,-0.0140146075674],
[-0.00780115894328,-0.0296067683061,-0.027945436784,0.0777738210157,0.244687200964,0.19916901587,-0.180252222091,-0.487413994308,-0.316808761766,0.0801395887446,0.229035696367,0.114403694916,-0.00348149476897,-0.0258707154756,-0.0100616527583],
[-0.00649014490474,-0.00711979143295,0.022024585124,0.0817170264453,0.0777738210157,-0.0827182237689,-0.26105497891,-0.198385029284,0.05853402913,0.195851346263,0.114403694916,-0.00400940666629,-0.0352294063721,-0.0158634328647,-0.00119981624133],
[-0.00157194380071,0.004331723803,0.0197526962707,0.022024585124,-0.027945436784,-0.102445981119,-0.0910197781907,0.0311629097029,0.12242368008,0.083601883172,-0.00348149476897,-0.0352294063721,-0.0184854459598,-0.00150787961926,0.00196130051277],
[0.000359385159002,0.00324570901298,0.004331723803,-0.00711979143295,-0.0296067683061,-0.0307259921375,0.0119840587386,0.0558527347834,0.0445804422623,-0.00231337369836,-0.0258707154756,-0.0158634328647,-0.00150787961926,0.00235390396859,0.000898970619516],
[0.000112865428055,0.000359385159002,-0.00157194380071,-0.00649014490474,-0.00780115894328,0.00317640957401,0.0184680661667,0.0172382503723,-0.00125433249586,-0.0140146075674,-0.0100616527583,-0.00119981624133,0.00196130051277,0.000898970619516,-0.000213610039907]
],

[
[-0.000626872671593,-0.00140957839072,-0.00308062790117,-0.00603708299556,-0.0102985575272,-0.0151333098664,-0.0190822767879,-0.0206180962712,-0.0190822767879,-0.0151333098664,-0.0102985575272,-0.00603708299556,-0.00308062790117,-0.00140957839072,-0.000626872671593],
[-0.000835394016212,-0.00198534679433,-0.00444045601352,-0.00878408563844,-0.0150450523808,-0.0221482800029,-0.0279501099514,-0.0302065389494,-0.0279501099514,-0.0221482800029,-0.0150450523808,-0.00878408563844,-0.00444045601352,-0.00198534679433,-0.000835394016212],
[0.00218015603983,0.00634117941795,0.0152248197301,0.0309419385189,0.053596807032,0.0792993373947,0.10029285166,0.108457581543,0.10029285166,0.0792993373947,0.053596807032,0.0309419385189,0.0152248197301,0.00634117941795,0.00218015603983],
[0.00459028031482,0.0129960060922,0.0309419385189,0.062692250532,0.108457581543,0.160379525349,0.202788737695,0.219282391829,0.202788737695,0.160379525349,0.108457581543,0.062692250532,0.0309419385189,0.0129960060922,0.00459028031482],
[-0.00556512102471,-0.0150450523808,-0.0352843763882,-0.0710922038608,-0.12270609277,-0.181263375769,-0.229092252483,-0.24769370501,-0.229092252483,-0.181263375769,-0.12270609277,-0.0710922038608,-0.0352843763882,-0.0150450523808,-0.00556512102471],
[-0.0151333098664,-0.0414647017693,-0.0976813084377,-0.197140882875,-0.340503264463,-0.50315156955,-0.636000727391,-0.687667993541,-0.636000727391,-0.50315156955,-0.340503264463,-0.197140882875,-0.0976813084377,-0.0414647017693,-0.0151333098664],
[0.00331009014734,0.00946114950283,0.0225934474708,0.0458273785935,0.0793170825081,0.117312011996,0.148345808394,0.160415372434,0.148345808394,0.117312011996,0.0793170825081,0.0458273785935,0.0225934474708,0.00946114950283,0.00331009014734],
[0.0215646988926,0.0598657109884,0.141637040811,0.286308555998,0.494840043111,0.731424372699,0.924663576313,0.999817544363,0.924663576313,0.731424372699,0.494840043111,0.286308555998,0.141637040811,0.0598657109884,0.0215646988926],
[0.00331009014734,0.00946114950283,0.0225934474708,0.0458273785935,0.0793170825081,0.117312011996,0.148345808394,0.160415372434,0.148345808394,0.117312011996,0.0793170825081,0.0458273785935,0.0225934474708,0.00946114950283,0.00331009014734],
[-0.0151333098664,-0.0414647017693,-0.0976813084377,-0.197140882875,-0.340503264463,-0.50315156955,-0.636000727391,-0.687667993541,-0.636000727391,-0.50315156955,-0.340503264463,-0.197140882875,-0.0976813084377,-0.0414647017693,-0.0151333098664],
[-0.00556512102471,-0.0150450523808,-0.0352843763882,-0.0710922038608,-0.12270609277,-0.181263375769,-0.229092252483,-0.24769370501,-0.229092252483,-0.181263375769,-0.12270609277,-0.0710922038608,-0.0352843763882,-0.0150450523808,-0.00556512102471],
[0.00459028031482,0.0129960060922,0.0309419385189,0.062692250532,0.108457581543,0.160379525349,0.202788737695,0.219282391829,0.202788737695,0.160379525349,0.108457581543,0.062692250532,0.0309419385189,0.0129960060922,0.00459028031482],
[0.00218015603983,0.00634117941795,0.0152248197301,0.0309419385189,0.053596807032,0.0792993373947,0.10029285166,0.108457581543,0.10029285166,0.0792993373947,0.053596807032,0.0309419385189,0.0152248197301,0.00634117941795,0.00218015603983],
[-0.000835394016212,-0.00198534679433,-0.00444045601352,-0.00878408563844,-0.0150450523808,-0.0221482800029,-0.0279501099514,-0.0302065389494,-0.0279501099514,-0.0221482800029,-0.0150450523808,-0.00878408563844,-0.00444045601352,-0.00198534679433,-0.000835394016212],
[-0.000626872671593,-0.00140957839072,-0.00308062790117,-0.00603708299556,-0.0102985575272,-0.0151333098664,-0.0190822767879,-0.0206180962712,-0.0190822767879,-0.0151333098664,-0.0102985575272,-0.00603708299556,-0.00308062790117,-0.00140957839072,-0.000626872671593]
],

[
[0.000112865428055,0.000359385159002,-0.00157194380071,-0.00649014490474,-0.00780115894328,0.00317640957401,0.0184680661667,0.0172382503723,-0.00125433249586,-0.0140146075674,-0.0100616527583,-0.00119981624133,0.00196130051277,0.000898970619516,-0.000213610039907],
[0.000359385159002,0.00324570901298,0.004331723803,-0.00711979143295,-0.0296067683061,-0.0307259921375,0.0119840587386,0.0558527347834,0.0445804422623,-0.00231337369836,-0.0258707154756,-0.0158634328647,-0.00150787961926,0.00235390396859,0.000898970619516],
[-0.00157194380071,0.004331723803,0.0197526962707,0.022024585124,-0.027945436784,-0.102445981119,-0.0910197781907,0.0311629097029,0.12242368008,0.083601883172,-0.00348149476897,-0.0352294063721,-0.0184854459598,-0.00150787961926,0.00196130051277],
[-0.00649014490474,-0.00711979143295,0.022024585124,0.0817170264453,0.0777738210157,-0.0827182237689,-0.26105497891,-0.198385029284,0.05853402913,0.195851346263,0.114403694916,-0.00400940666629,-0.0352294063721,-0.0158634328647,-0.00119981624133],
[-0.00780115894328,-0.0296067683061,-0.027945436784,0.0777738210157,0.244687200964,0.19916901587,-0.180252222091,-0.487413994308,-0.316808761766,0.0801395887446,0.229035696367,0.114403694916,-0.00348149476897,-0.0258707154756,-0.0100616527583],
[0.00317640957401,-0.0307259921375,-0.102445981119,-0.0827182237689,0.19916901587,0.534888477966,0.372418309188,-0.287832095537,-0.666091860024,-0.370328297434,0.0801395887446,0.195851346263,0.083601883172,-0.00231337369836,-0.0140146075674],
[0.0184680661667,0.0119840587386,-0.0910197781907,-0.26105497891,-0.180252222091,0.372418309188,0.854980109512,0.509173692721,-0.336450938681,-0.666091860024,-0.316808761766,0.05853402913,0.12242368008,0.0445804422623,-0.00125433249586],
[0.0172382503723,0.0558527347834,0.0311629097029,-0.198385029284,-0.487413994308,-0.287832095537,0.509173692721,0.999639926698,0.509173692721,-0.287832095537,-0.487413994308,-0.198385029284,0.0311629097029,0.0558527347834,0.0172382503723],
[-0.00125433249586,0.0445804422623,0.12242368008,0.05853402913,-0.316808761766,-0.666091860024,-0.336450938681,0.509173692721,0.854980109512,0.372418309188,-0.180252222091,-0.26105497891,-0.0910197781907,0.0119840587386,0.0184680661667],
[-0.0140146075674,-0.00231337369836,0.083601883172,0.195851346263,0.0801395887446,-0.370328297434,-0.666091860024,-0.287832095537,0.372418309188,0.534888477966,0.19916901587,-0.0827182237689,-0.102445981119,-0.0307259921375,0.00317640957401],
[-0.0100616527583,-0.0258707154756,-0.00348149476897,0.114403694916,0.229035696367,0.0801395887446,-0.316808761766,-0.487413994308,-0.180252222091,0.19916901587,0.244687200964,0.0777738210157,-0.027945436784,-0.0296067683061,-0.00780115894328],
[-0.00119981624133,-0.0158634328647,-0.0352294063721,-0.00400940666629,0.114403694916,0.195851346263,0.05853402913,-0.198385029284,-0.26105497891,-0.0827182237689,0.0777738210157,0.0817170264453,0.022024585124,-0.00711979143295,-0.00649014490474],
[0.00196130051277,-0.00150787961926,-0.0184854459598,-0.0352294063721,-0.00348149476897,0.083601883172,0.12242368008,0.0311629097029,-0.0910197781907,-0.102445981119,-0.027945436784,0.022024585124,0.0197526962707,0.004331723803,-0.00157194380071],
[0.000898970619516,0.00235390396859,-0.00150787961926,-0.0158634328647,-0.0258707154756,-0.00231337369836,0.0445804422623,0.0558527347834,0.0119840587386,-0.0307259921375,-0.0296067683061,-0.00711979143295,0.004331723803,0.00324570901298,0.000359385159002],
[-0.000213610039907,0.000898970619516,0.00196130051277,-0.00119981624133,-0.0100616527583,-0.0140146075674,-0.00125433249586,0.0172382503723,0.0184680661667,0.00317640957401,-0.00780115894328,-0.00649014490474,-0.00157194380071,0.000359385159002,0.000112865428055]
],

[
[-0.000626872671593,-0.000835394016212,0.00218015603983,0.00459028031482,-0.00556512102471,-0.0151333098664,0.00331009014734,0.0215646988926,0.00331009014734,-0.0151333098664,-0.00556512102471,0.00459028031482,0.00218015603983,-0.000835394016212,-0.000626872671593],
[-0.00140957839072,-0.00198534679433,0.00634117941795,0.0129960060922,-0.0150450523808,-0.0414647017693,0.00946114950283,0.0598657109884,0.00946114950283,-0.0414647017693,-0.0150450523808,0.0129960060922,0.00634117941795,-0.00198534679433,-0.00140957839072],
[-0.00308062790117,-0.00444045601352,0.0152248197301,0.0309419385189,-0.0352843763882,-0.0976813084377,0.0225934474708,0.141637040811,0.0225934474708,-0.0976813084377,-0.0352843763882,0.0309419385189,0.0152248197301,-0.00444045601352,-0.00308062790117],
[-0.00603708299556,-0.00878408563844,0.0309419385189,0.062692250532,-0.0710922038608,-0.197140882875,0.0458273785935,0.286308555998,0.0458273785935,-0.197140882875,-0.0710922038608,0.062692250532,0.0309419385189,-0.00878408563844,-0.00603708299556],
[-0.0102985575272,-0.0150450523808,0.053596807032,0.108457581543,-0.12270609277,-0.340503264463,0.0793170825081,0.494840043111,0.0793170825081,-0.340503264463,-0.12270609277,0.108457581543,0.053596807032,-0.0150450523808,-0.0102985575272],
[-0.0151333098664,-0.0221482800029,0.0792993373947,0.160379525349,-0.181263375769,-0.50315156955,0.117312011996,0.731424372699,0.117312011996,-0.50315156955,-0.181263375769,0.160379525349,0.0792993373947,-0.0221482800029,-0.0151333098664],
[-0.0190822767879,-0.0279501099514,0.10029285166,0.202788737695,-0.229092252483,-0.636000727391,0.148345808394,0.924663576313,0.148345808394,-0.636000727391,-0.229092252483,0.202788737695,0.10029285166,-0.0279501099514,-0.0190822767879],
[-0.0206180962712,-0.0302065389494,0.108457581543,0.219282391829,-0.24769370501,-0.687667993541,0.160415372434,0.999817544363,0.160415372434,-0.687667993541,-0.24769370501,0.219282391829,0.108457581543,-0.0302065389494,-0.0206180962712],
[-0.0190822767879,-0.0279501099514,0.10029285166,0.202788737695,-0.229092252483,-0.636000727391,0.148345808394,0.924663576313,0.148345808394,-0.636000727391,-0.229092252483,0.202788737695,0.10029285166,-0.0279501099514,-0.0190822767879],
[-0.0151333098664,-0.0221482800029,0.0792993373947,0.160379525349,-0.181263375769,-0.50315156955,0.117312011996,0.731424372699,0.117312011996,-0.50315156955,-0.181263375769,0.160379525349,0.0792993373947,-0.0221482800029,-0.0151333098664],
[-0.0102985575272,-0.0150450523808,0.053596807032,0.108457581543,-0.12270609277,-0.340503264463,0.0793170825081,0.494840043111,0.0793170825081,-0.340503264463,-0.12270609277,0.108457581543,0.053596807032,-0.0150450523808,-0.0102985575272],
[-0.00603708299556,-0.00878408563844,0.0309419385189,0.062692250532,-0.0710922038608,-0.197140882875,0.0458273785935,0.286308555998,0.0458273785935,-0.197140882875,-0.0710922038608,0.062692250532,0.0309419385189,-0.00878408563844,-0.00603708299556],
[-0.00308062790117,-0.00444045601352,0.0152248197301,0.0309419385189,-0.0352843763882,-0.0976813084377,0.0225934474708,0.141637040811,0.0225934474708,-0.0976813084377,-0.0352843763882,0.0309419385189,0.0152248197301,-0.00444045601352,-0.00308062790117],
[-0.00140957839072,-0.00198534679433,0.00634117941795,0.0129960060922,-0.0150450523808,-0.0414647017693,0.00946114950283,0.0598657109884,0.00946114950283,-0.0414647017693,-0.0150450523808,0.0129960060922,0.00634117941795,-0.00198534679433,-0.00140957839072],
[-0.000626872671593,-0.000835394016212,0.00218015603983,0.00459028031482,-0.00556512102471,-0.0151333098664,0.00331009014734,0.0215646988926,0.00331009014734,-0.0151333098664,-0.00556512102471,0.00459028031482,0.00218015603983,-0.000835394016212,-0.000626872671593]
],

[
[-0.000213610039907,0.000898970619516,0.00196130051277,-0.00119981624133,-0.0100616527583,-0.0140146075674,-0.00125433249586,0.0172382503723,0.0184680661667,0.00317640957401,-0.00780115894328,-0.00649014490474,-0.00157194380071,0.000359385159002,0.000112865428055],
[0.000898970619516,0.00235390396859,-0.00150787961926,-0.0158634328647,-0.0258707154756,-0.00231337369836,0.0445804422623,0.0558527347834,0.0119840587386,-0.0307259921375,-0.0296067683061,-0.00711979143295,0.004331723803,0.00324570901298,0.000359385159002],
[0.00196130051277,-0.00150787961926,-0.0184854459598,-0.0352294063721,-0.00348149476897,0.083601883172,0.12242368008,0.0311629097029,-0.0910197781907,-0.102445981119,-0.027945436784,0.022024585124,0.0197526962707,0.004331723803,-0.00157194380071],
[-0.00119981624133,-0.0158634328647,-0.0352294063721,-0.00400940666629,0.114403694916,0.195851346263,0.05853402913,-0.198385029284,-0.26105497891,-0.0827182237689,0.0777738210157,0.0817170264453,0.022024585124,-0.00711979143295,-0.00649014490474],
[-0.0100616527583,-0.0258707154756,-0.00348149476897,0.114403694916,0.229035696367,0.0801395887446,-0.316808761766,-0.487413994308,-0.180252222091,0.19916901587,0.244687200964,0.0777738210157,-0.027945436784,-0.0296067683061,-0.00780115894328],
[-0.0140146075674,-0.00231337369836,0.083601883172,0.195851346263,0.0801395887446,-0.370328297434,-0.666091860024,-0.287832095537,0.372418309188,0.534888477966,0.19916901587,-0.0827182237689,-0.102445981119,-0.0307259921375,0.00317640957401],
[-0.00125433249586,0.0445804422623,0.12242368008,0.05853402913,-0.316808761766,-0.666091860024,-0.336450938681,0.509173692721,0.854980109512,0.372418309188,-0.180252222091,-0.26105497891,-0.0910197781907,0.0119840587386,0.0184680661667],
[0.0172382503723,0.0558527347834,0.0311629097029,-0.198385029284,-0.487413994308,-0.287832095537,0.509173692721,0.999639926698,0.509173692721,-0.287832095537,-0.487413994308,-0.198385029284,0.0311629097029,0.0558527347834,0.0172382503723],
[0.0184680661667,0.0119840587386,-0.0910197781907,-0.26105497891,-0.180252222091,0.372418309188,0.854980109512,0.509173692721,-0.336450938681,-0.666091860024,-0.316808761766,0.05853402913,0.12242368008,0.0445804422623,-0.00125433249586],
[0.00317640957401,-0.0307259921375,-0.102445981119,-0.0827182237689,0.19916901587,0.534888477966,0.372418309188,-0.287832095537,-0.666091860024,-0.370328297434,0.0801395887446,0.195851346263,0.083601883172,-0.00231337369836,-0.0140146075674],
[-0.00780115894328,-0.0296067683061,-0.027945436784,0.0777738210157,0.244687200964,0.19916901587,-0.180252222091,-0.487413994308,-0.316808761766,0.0801395887446,0.229035696367,0.114403694916,-0.00348149476897,-0.0258707154756,-0.0100616527583],
[-0.00649014490474,-0.00711979143295,0.022024585124,0.0817170264453,0.0777738210157,-0.0827182237689,-0.26105497891,-0.198385029284,0.05853402913,0.195851346263,0.114403694916,-0.00400940666629,-0.0352294063721,-0.0158634328647,-0.00119981624133],
[-0.00157194380071,0.004331723803,0.0197526962707,0.022024585124,-0.027945436784,-0.102445981119,-0.0910197781907,0.0311629097029,0.12242368008,0.083601883172,-0.00348149476897,-0.0352294063721,-0.0184854459598,-0.00150787961926,0.00196130051277],
[0.000359385159002,0.00324570901298,0.004331723803,-0.00711979143295,-0.0296067683061,-0.0307259921375,0.0119840587386,0.0558527347834,0.0445804422623,-0.00231337369836,-0.0258707154756,-0.0158634328647,-0.00150787961926,0.00235390396859,0.000898970619516],
[0.000112865428055,0.000359385159002,-0.00157194380071,-0.00649014490474,-0.00780115894328,0.00317640957401,0.0184680661667,0.0172382503723,-0.00125433249586,-0.0140146075674,-0.0100616527583,-0.00119981624133,0.00196130051277,0.000898970619516,-0.000213610039907]
],

[
[-0.000626872671593,-0.00140957839072,-0.00308062790117,-0.00603708299556,-0.0102985575272,-0.0151333098664,-0.0190822767879,-0.0206180962712,-0.0190822767879,-0.0151333098664,-0.0102985575272,-0.00603708299556,-0.00308062790117,-0.00140957839072,-0.000626872671593],
[-0.000835394016212,-0.00198534679433,-0.00444045601352,-0.00878408563844,-0.0150450523808,-0.0221482800029,-0.0279501099514,-0.0302065389494,-0.0279501099514,-0.0221482800029,-0.0150450523808,-0.00878408563844,-0.00444045601352,-0.00198534679433,-0.000835394016212],
[0.00218015603983,0.00634117941795,0.0152248197301,0.0309419385189,0.053596807032,0.0792993373947,0.10029285166,0.108457581543,0.10029285166,0.0792993373947,0.053596807032,0.0309419385189,0.0152248197301,0.00634117941795,0.00218015603983],
[0.00459028031482,0.0129960060922,0.0309419385189,0.062692250532,0.108457581543,0.160379525349,0.202788737695,0.219282391829,0.202788737695,0.160379525349,0.108457581543,0.062692250532,0.0309419385189,0.0129960060922,0.00459028031482],
[-0.00556512102471,-0.0150450523808,-0.0352843763882,-0.0710922038608,-0.12270609277,-0.181263375769,-0.229092252483,-0.24769370501,-0.229092252483,-0.181263375769,-0.12270609277,-0.0710922038608,-0.0352843763882,-0.0150450523808,-0.00556512102471],
[-0.0151333098664,-0.0414647017693,-0.0976813084377,-0.197140882875,-0.340503264463,-0.50315156955,-0.636000727391,-0.687667993541,-0.636000727391,-0.50315156955,-0.340503264463,-0.197140882875,-0.0976813084377,-0.0414647017693,-0.0151333098664],
[0.00331009014734,0.00946114950283,0.0225934474708,0.0458273785935,0.0793170825081,0.117312011996,0.148345808394,0.160415372434,0.148345808394,0.117312011996,0.0793170825081,0.0458273785935,0.0225934474708,0.00946114950283,0.00331009014734],
[0.0215646988926,0.0598657109884,0.141637040811,0.286308555998,0.494840043111,0.731424372699,0.924663576313,0.999817544363,0.924663576313,0.731424372699,0.494840043111,0.286308555998,0.141637040811,0.0598657109884,0.0215646988926],
[0.00331009014734,0.00946114950283,0.0225934474708,0.0458273785935,0.0793170825081,0.117312011996,0.148345808394,0.160415372434,0.148345808394,0.117312011996,0.0793170825081,0.0458273785935,0.0225934474708,0.00946114950283,0.00331009014734],
[-0.0151333098664,-0.0414647017693,-0.0976813084377,-0.197140882875,-0.340503264463,-0.50315156955,-0.636000727391,-0.687667993541,-0.636000727391,-0.50315156955,-0.340503264463,-0.197140882875,-0.0976813084377,-0.0414647017693,-0.0151333098664],
[-0.00556512102471,-0.0150450523808,-0.0352843763882,-0.0710922038608,-0.12270609277,-0.181263375769,-0.229092252483,-0.24769370501,-0.229092252483,-0.181263375769,-0.12270609277,-0.0710922038608,-0.0352843763882,-0.0150450523808,-0.00556512102471],
[0.00459028031482,0.0129960060922,0.0309419385189,0.062692250532,0.108457581543,0.160379525349,0.202788737695,0.219282391829,0.202788737695,0.160379525349,0.108457581543,0.062692250532,0.0309419385189,0.0129960060922,0.00459028031482],
[0.00218015603983,0.00634117941795,0.0152248197301,0.0309419385189,0.053596807032,0.0792993373947,0.10029285166,0.108457581543,0.10029285166,0.0792993373947,0.053596807032,0.0309419385189,0.0152248197301,0.00634117941795,0.00218015603983],
[-0.000835394016212,-0.00198534679433,-0.00444045601352,-0.00878408563844,-0.0150450523808,-0.0221482800029,-0.0279501099514,-0.0302065389494,-0.0279501099514,-0.0221482800029,-0.0150450523808,-0.00878408563844,-0.00444045601352,-0.00198534679433,-0.000835394016212],
[-0.000626872671593,-0.00140957839072,-0.00308062790117,-0.00603708299556,-0.0102985575272,-0.0151333098664,-0.0190822767879,-0.0206180962712,-0.0190822767879,-0.0151333098664,-0.0102985575272,-0.00603708299556,-0.00308062790117,-0.00140957839072,-0.000626872671593]
],

[
[0.000112865428055,0.000359385159002,-0.00157194380071,-0.00649014490474,-0.00780115894328,0.00317640957401,0.0184680661667,0.0172382503723,-0.00125433249586,-0.0140146075674,-0.0100616527583,-0.00119981624133,0.00196130051277,0.000898970619516,-0.000213610039907],
[0.000359385159002,0.00324570901298,0.004331723803,-0.00711979143295,-0.0296067683061,-0.0307259921375,0.0119840587386,0.0558527347834,0.0445804422623,-0.00231337369836,-0.0258707154756,-0.0158634328647,-0.00150787961926,0.00235390396859,0.000898970619516],
[-0.00157194380071,0.004331723803,0.0197526962707,0.022024585124,-0.027945436784,-0.102445981119,-0.0910197781907,0.0311629097029,0.12242368008,0.083601883172,-0.00348149476897,-0.0352294063721,-0.0184854459598,-0.00150787961926,0.00196130051277],
[-0.00649014490474,-0.00711979143295,0.022024585124,0.0817170264453,0.0777738210157,-0.0827182237689,-0.26105497891,-0.198385029284,0.05853402913,0.195851346263,0.114403694916,-0.00400940666629,-0.0352294063721,-0.0158634328647,-0.00119981624133],
[-0.00780115894328,-0.0296067683061,-0.027945436784,0.0777738210157,0.244687200964,0.19916901587,-0.180252222091,-0.487413994308,-0.316808761766,0.0801395887446,0.229035696367,0.114403694916,-0.00348149476897,-0.0258707154756,-0.0100616527583],
[0.00317640957401,-0.0307259921375,-0.102445981119,-0.0827182237689,0.19916901587,0.534888477966,0.372418309188,-0.287832095537,-0.666091860024,-0.370328297434,0.0801395887446,0.195851346263,0.083601883172,-0.00231337369836,-0.0140146075674],
[0.0184680661667,0.0119840587386,-0.0910197781907,-0.26105497891,-0.180252222091,0.372418309188,0.854980109512,0.509173692721,-0.336450938681,-0.666091860024,-0.316808761766,0.05853402913,0.12242368008,0.0445804422623,-0.00125433249586],
[0.0172382503723,0.0558527347834,0.0311629097029,-0.198385029284,-0.487413994308,-0.287832095537,0.509173692721,0.999639926698,0.509173692721,-0.287832095537,-0.487413994308,-0.198385029284,0.0311629097029,0.0558527347834,0.0172382503723],
[-0.00125433249586,0.0445804422623,0.12242368008,0.05853402913,-0.316808761766,-0.666091860024,-0.336450938681,0.509173692721,0.854980109512,0.372418309188,-0.180252222091,-0.26105497891,-0.0910197781907,0.0119840587386,0.0184680661667],
[-0.0140146075674,-0.00231337369836,0.083601883172,0.195851346263,0.0801395887446,-0.370328297434,-0.666091860024,-0.287832095537,0.372418309188,0.534888477966,0.19916901587,-0.0827182237689,-0.102445981119,-0.0307259921375,0.00317640957401],
[-0.0100616527583,-0.0258707154756,-0.00348149476897,0.114403694916,0.229035696367,0.0801395887446,-0.316808761766,-0.487413994308,-0.180252222091,0.19916901587,0.244687200964,0.0777738210157,-0.027945436784,-0.0296067683061,-0.00780115894328],
[-0.00119981624133,-0.0158634328647,-0.0352294063721,-0.00400940666629,0.114403694916,0.195851346263,0.05853402913,-0.198385029284,-0.26105497891,-0.0827182237689,0.0777738210157,0.0817170264453,0.022024585124,-0.00711979143295,-0.00649014490474],
[0.00196130051277,-0.00150787961926,-0.0184854459598,-0.0352294063721,-0.00348149476897,0.083601883172,0.12242368008,0.0311629097029,-0.0910197781907,-0.102445981119,-0.027945436784,0.022024585124,0.0197526962707,0.004331723803,-0.00157194380071],
[0.000898970619516,0.00235390396859,-0.00150787961926,-0.0158634328647,-0.0258707154756,-0.00231337369836,0.0445804422623,0.0558527347834,0.0119840587386,-0.0307259921375,-0.0296067683061,-0.00711979143295,0.004331723803,0.00324570901298,0.000359385159002],
[-0.000213610039907,0.000898970619516,0.00196130051277,-0.00119981624133,-0.0100616527583,-0.0140146075674,-0.00125433249586,0.0172382503723,0.0184680661667,0.00317640957401,-0.00780115894328,-0.00649014490474,-0.00157194380071,0.000359385159002,0.000112865428055]
]
]
