[[
[-0.00105423318277,0.00327556914098,-0.000854701001563,-0.017244519351,0.0309467775741,-0.017244519351,-0.000854701001563,0.00327556914098,-0.00105423318277],
[-0.00446987985877,0.0153102439443,-0.00355834373036,-0.0784330404997,0.141722465025,-0.0784330404997,-0.00355834373036,0.0153102439443,-0.00446987985877],
[-0.0130396525017,0.0455049440054,-0.0103417161606,-0.231953519736,0.419655912444,-0.231953519736,-0.0103417161606,0.0455049440054,-0.0130396525017],
[-0.0249156110738,0.0873486453451,-0.0197420880628,-0.444701620221,0.804815034493,-0.444701620221,-0.0197420880628,0.0873486453451,-0.0249156110738],
[-0.0309309332885,0.108543005757,-0.0245034945284,-0.552461205877,0.999902968577,-0.552461205877,-0.0245034945284,0.108543005757,-0.0309309332885],
[-0.0249156110738,0.0873486453451,-0.0197420880628,-0.444701620221,0.804815034493,-0.444701620221,-0.0197420880628,0.0873486453451,-0.0249156110738],
[-0.0130396525017,0.0455049440054,-0.0103417161606,-0.231953519736,0.419655912444,-0.231953519736,-0.0103417161606,0.0455049440054,-0.0130396525017],
[-0.00446987985877,0.0153102439443,-0.00355834373036,-0.0784330404997,0.141722465025,-0.0784330404997,-0.00355834373036,0.0153102439443,-0.00446987985877],
[-0.00105423318277,0.00327556914098,-0.000854701001563,-0.017244519351,0.0309467775741,-0.017244519351,-0.000854701001563,0.00327556914098,-0.00105423318277]
],

[
[0.000431121319985,0.00183356329858,-0.0121086330311,-0.00948471192216,0.0293021864113,0.00518860989762,-0.0132510179905,-0.000694143782298,0.000598213723382],
[0.00183356329858,-0.0184908770113,-0.0220906827038,0.108726549342,0.0311574786514,-0.113245597265,-0.00480913972276,0.0197472652191,-0.000694143782298],
[-0.0121086330311,-0.0220906827038,0.168016719971,0.0747333924275,-0.415440653098,-0.0255858429863,0.175827029531,-0.00480913972276,-0.0132510179905],
[-0.00948471192216,0.108726549342,0.0747333924275,-0.641028819779,-0.0604492726778,0.647517929503,-0.0255858429863,-0.113245597265,0.00518860989762],
[0.0293021864113,0.0311574786514,-0.415440653098,-0.0604492726778,0.999634495646,-0.0604492726778,-0.415440653098,0.0311574786514,0.0293021864113],
[0.00518860989762,-0.113245597265,-0.0255858429863,0.647517929503,-0.0604492726778,-0.641028819779,0.0747333924275,0.108726549342,-0.00948471192216],
[-0.0132510179905,-0.00480913972276,0.175827029531,-0.0255858429863,-0.415440653098,0.0747333924275,0.168016719971,-0.0220906827038,-0.0121086330311],
[-0.000694143782298,0.0197472652191,-0.00480913972276,-0.113245597265,0.0311574786514,0.108726549342,-0.0220906827038,-0.0184908770113,0.00183356329858],
[0.000598213723382,-0.000694143782298,-0.0132510179905,0.00518860989762,0.0293021864113,-0.00948471192216,-0.0121086330311,0.00183356329858,0.000431121319985]
],

[
[-0.00105423318277,-0.00446987985877,-0.0130396525017,-0.0249156110738,-0.0309309332885,-0.0249156110738,-0.0130396525017,-0.00446987985877,-0.00105423318277],
[0.00327556914098,0.0153102439443,0.0455049440054,0.0873486453451,0.108543005757,0.0873486453451,0.0455049440054,0.0153102439443,0.00327556914098],
[-0.000854701001563,-0.00355834373036,-0.0103417161606,-0.0197420880628,-0.0245034945284,-0.0197420880628,-0.0103417161606,-0.00355834373036,-0.000854701001563],
[-0.017244519351,-0.0784330404997,-0.231953519736,-0.444701620221,-0.552461205877,-0.444701620221,-0.231953519736,-0.0784330404997,-0.017244519351],
[0.0309467775741,0.141722465025,0.419655912444,0.804815034493,0.999902968577,0.804815034493,0.419655912444,0.141722465025,0.0309467775741],
[-0.017244519351,-0.0784330404997,-0.231953519736,-0.444701620221,-0.552461205877,-0.444701620221,-0.231953519736,-0.0784330404997,-0.017244519351],
[-0.000854701001563,-0.00355834373036,-0.0103417161606,-0.0197420880628,-0.0245034945284,-0.0197420880628,-0.0103417161606,-0.00355834373036,-0.000854701001563],
[0.00327556914098,0.0153102439443,0.0455049440054,0.0873486453451,0.108543005757,0.0873486453451,0.0455049440054,0.0153102439443,0.00327556914098],
[-0.00105423318277,-0.00446987985877,-0.0130396525017,-0.0249156110738,-0.0309309332885,-0.0249156110738,-0.0130396525017,-0.00446987985877,-0.00105423318277]
],

[
[0.000598213723382,-0.000694143782298,-0.0132510179905,0.00518860989762,0.0293021864113,-0.00948471192216,-0.0121086330311,0.00183356329858,0.000431121319985],
[-0.000694143782298,0.0197472652191,-0.00480913972276,-0.113245597265,0.0311574786514,0.108726549342,-0.0220906827038,-0.0184908770113,0.00183356329858],
[-0.0132510179905,-0.00480913972276,0.175827029531,-0.0255858429863,-0.415440653098,0.0747333924275,0.168016719971,-0.0220906827038,-0.0121086330311],
[0.00518860989762,-0.113245597265,-0.0255858429863,0.647517929503,-0.0604492726778,-0.641028819779,0.0747333924275,0.108726549342,-0.00948471192216],
[0.0293021864113,0.0311574786514,-0.415440653098,-0.0604492726778,0.999634495646,-0.0604492726778,-0.415440653098,0.0311574786514,0.0293021864113],
[-0.00948471192216,0.108726549342,0.0747333924275,-0.641028819779,-0.0604492726778,0.647517929503,-0.0255858429863,-0.113245597265,0.00518860989762],
[-0.0121086330311,-0.0220906827038,0.168016719971,0.0747333924275,-0.415440653098,-0.0255858429863,0.175827029531,-0.00480913972276,-0.0132510179905],
[0.00183356329858,-0.0184908770113,-0.0220906827038,0.108726549342,0.0311574786514,-0.113245597265,-0.00480913972276,0.0197472652191,-0.000694143782298],
[0.000431121319985,0.00183356329858,-0.0121086330311,-0.00948471192216,0.0293021864113,0.00518860989762,-0.0132510179905,-0.000694143782298,0.000598213723382]
],

[
[-0.00105423318277,0.00327556914098,-0.000854701001563,-0.017244519351,0.0309467775741,-0.017244519351,-0.000854701001563,0.00327556914098,-0.00105423318277],
[-0.00446987985877,0.0153102439443,-0.00355834373036,-0.0784330404997,0.141722465025,-0.0784330404997,-0.00355834373036,0.0153102439443,-0.00446987985877],
[-0.0130396525017,0.0455049440054,-0.0103417161606,-0.231953519736,0.419655912444,-0.231953519736,-0.0103417161606,0.0455049440054,-0.0130396525017],
[-0.0249156110738,0.0873486453451,-0.0197420880628,-0.444701620221,0.804815034493,-0.444701620221,-0.0197420880628,0.0873486453451,-0.0249156110738],
[-0.0309309332885,0.108543005757,-0.0245034945284,-0.552461205877,0.999902968577,-0.552461205877,-0.0245034945284,0.108543005757,-0.0309309332885],
[-0.0249156110738,0.0873486453451,-0.0197420880628,-0.444701620221,0.804815034493,-0.444701620221,-0.0197420880628,0.0873486453451,-0.0249156110738],
[-0.0130396525017,0.0455049440054,-0.0103417161606,-0.231953519736,0.419655912444,-0.231953519736,-0.0103417161606,0.0455049440054,-0.0130396525017],
[-0.00446987985877,0.0153102439443,-0.00355834373036,-0.0784330404997,0.141722465025,-0.0784330404997,-0.00355834373036,0.0153102439443,-0.00446987985877],
[-0.00105423318277,0.00327556914098,-0.000854701001563,-0.017244519351,0.0309467775741,-0.017244519351,-0.000854701001563,0.00327556914098,-0.00105423318277]
],

[
[0.000431121319985,0.00183356329858,-0.0121086330311,-0.00948471192216,0.0293021864113,0.00518860989762,-0.0132510179905,-0.000694143782298,0.000598213723382],
[0.00183356329858,-0.0184908770113,-0.0220906827038,0.108726549342,0.0311574786514,-0.113245597265,-0.00480913972276,0.0197472652191,-0.000694143782298],
[-0.0121086330311,-0.0220906827038,0.168016719971,0.0747333924275,-0.415440653098,-0.0255858429863,0.175827029531,-0.00480913972276,-0.0132510179905],
[-0.00948471192216,0.108726549342,0.0747333924275,-0.641028819779,-0.0604492726778,0.647517929503,-0.0255858429863,-0.113245597265,0.00518860989762],
[0.0293021864113,0.0311574786514,-0.415440653098,-0.0604492726778,0.999634495646,-0.0604492726778,-0.415440653098,0.0311574786514,0.0293021864113],
[0.00518860989762,-0.113245597265,-0.0255858429863,0.647517929503,-0.0604492726778,-0.641028819779,0.0747333924275,0.108726549342,-0.00948471192216],
[-0.0132510179905,-0.00480913972276,0.175827029531,-0.0255858429863,-0.415440653098,0.0747333924275,0.168016719971,-0.0220906827038,-0.0121086330311],
[-0.000694143782298,0.0197472652191,-0.00480913972276,-0.113245597265,0.0311574786514,0.108726549342,-0.0220906827038,-0.0184908770113,0.00183356329858],
[0.000598213723382,-0.000694143782298,-0.0132510179905,0.00518860989762,0.0293021864113,-0.00948471192216,-0.0121086330311,0.00183356329858,0.000431121319985]
],

[
[-0.00105423318277,-0.00446987985877,-0.0130396525017,-0.0249156110738,-0.0309309332885,-0.0249156110738,-0.0130396525017,-0.00446987985877,-0.00105423318277],
[0.00327556914098,0.0153102439443,0.0455049440054,0.0873486453451,0.108543005757,0.0873486453451,0.0455049440054,0.0153102439443,0.00327556914098],
[-0.000854701001563,-0.00355834373036,-0.0103417161606,-0.0197420880628,-0.0245034945284,-0.0197420880628,-0.0103417161606,-0.00355834373036,-0.000854701001563],
[-0.017244519351,-0.0784330404997,-0.231953519736,-0.444701620221,-0.552461205877,-0.444701620221,-0.231953519736,-0.0784330404997,-0.017244519351],
[0.0309467775741,0.141722465025,0.419655912444,0.804815034493,0.999902968577,0.804815034493,0.419655912444,0.141722465025,0.0309467775741],
[-0.017244519351,-0.0784330404997,-0.231953519736,-0.444701620221,-0.552461205877,-0.444701620221,-0.231953519736,-0.0784330404997,-0.017244519351],
[-0.000854701001563,-0.00355834373036,-0.0103417161606,-0.0197420880628,-0.0245034945284,-0.0197420880628,-0.0103417161606,-0.00355834373036,-0.000854701001563],
[0.00327556914098,0.0153102439443,0.0455049440054,0.0873486453451,0.108543005757,0.0873486453451,0.0455049440054,0.0153102439443,0.00327556914098],
[-0.00105423318277,-0.00446987985877,-0.0130396525017,-0.0249156110738,-0.0309309332885,-0.0249156110738,-0.0130396525017,-0.00446987985877,-0.00105423318277]
],

[
[0.000598213723382,-0.000694143782298,-0.0132510179905,0.00518860989762,0.0293021864113,-0.00948471192216,-0.0121086330311,0.00183356329858,0.000431121319985],
[-0.000694143782298,0.0197472652191,-0.00480913972276,-0.113245597265,0.0311574786514,0.108726549342,-0.0220906827038,-0.0184908770113,0.00183356329858],
[-0.0132510179905,-0.00480913972276,0.175827029531,-0.0255858429863,-0.415440653098,0.0747333924275,0.168016719971,-0.0220906827038,-0.0121086330311],
[0.00518860989762,-0.113245597265,-0.0255858429863,0.647517929503,-0.0604492726778,-0.641028819779,0.0747333924275,0.108726549342,-0.00948471192216],
[0.0293021864113,0.0311574786514,-0.415440653098,-0.0604492726778,0.999634495646,-0.0604492726778,-0.415440653098,0.0311574786514,0.0293021864113],
[-0.00948471192216,0.108726549342,0.0747333924275,-0.641028819779,-0.0604492726778,0.647517929503,-0.0255858429863,-0.113245597265,0.00518860989762],
[-0.0121086330311,-0.0220906827038,0.168016719971,0.0747333924275,-0.415440653098,-0.0255858429863,0.175827029531,-0.00480913972276,-0.0132510179905],
[0.00183356329858,-0.0184908770113,-0.0220906827038,0.108726549342,0.0311574786514,-0.113245597265,-0.00480913972276,0.0197472652191,-0.000694143782298],
[0.000431121319985,0.00183356329858,-0.0121086330311,-0.00948471192216,0.0293021864113,0.00518860989762,-0.0132510179905,-0.000694143782298,0.000598213723382]
]
]
